%YAML:1.0
---
image_width: 1440
image_height: 1080
checkerboard_inner_corners_cols: 9
checkerboard_inner_corners_rows: 6
checkerboard_square_size: 0.02500000037252903
left_camera_serial_number: "00J78371761"
right_camera_serial_number: "00J78371888"
num_valid_pairs: 30
left_rms: 0.2829598863647928
right_rms: 0.13017379676944521
stereo_rms: 2.3423904705365604
left_camera_matrix: !!opencv-matrix
   rows: 3
   cols: 3
   dt: d
   data: [ 1017.5103201006675, 0., 738.43559857483001, 0.,
       1016.6972619635244, 566.56098655802828, 0., 0., 1. ]
right_camera_matrix: !!opencv-matrix
   rows: 3
   cols: 3
   dt: d
   data: [ 1034.4240475707682, 0., 730.37320745500983, 0.,
       1034.282345122258, 573.51173772691629, 0., 0., 1. ]
left_dist_coeffs: !!opencv-matrix
   rows: 5
   cols: 1
   dt: d
   data: [ -0.14021367507929805, 0.10607301613348408,
       -0.00025764941569964922, 0.001825192684639353,
       -0.0266765348685058 ]
right_dist_coeffs: !!opencv-matrix
   rows: 5
   cols: 1
   dt: d
   data: [ -0.14904444376767273, 0.11936726225433011,
       -0.00050963278094399956, -0.00062381676869710404,
       -0.035870688872656251 ]
rotation: !!opencv-matrix
   rows: 3
   cols: 3
   dt: d
   data: [ 0.94389493412612568, 0.052687336023219088,
       0.32601594739186168, -0.041845986272238019, 0.99831569153741884,
       -0.040183248538026808, -0.32758398429096069, 0.02428630587268403,
       0.944509877440738 ]
translation: !!opencv-matrix
   rows: 3
   cols: 1
   dt: d
   data: [ -0.19977211614024118, 0.013176723347878668,
       0.038996581295782817 ]
essential: !!opencv-matrix
   rows: 3
   cols: 3
   dt: d
   data: [ -0.0026846331286302792, -0.038610885090268277,
       0.014012554672717201, -0.028633470222129719,
       0.0069063526999029456, 0.20140024432788448,
       -0.0040777811868636452, -0.20012988472515308,
       0.003731670648051741 ]
fundamental: !!opencv-matrix
   rows: 3
   cols: 3
   dt: d
   data: [ 8.701645019056638e-08, 1.2524873357333514e-06,
       -0.0012360054410815069, 9.282178147722538e-07,
       -2.2406387180939196e-07, -0.0072016434939238877,
       -0.00045917612556914053, 0.0059291549071584845,
       0.99999999999999989 ]
rectification_left: !!opencv-matrix
   rows: 3
   cols: 3
   dt: d
   data: [ 0.98980809736937569, -0.017532841080303629,
       0.1413242012737711, 0.019397414287588937, 0.99974190119085871,
       -0.011826720688455829, -0.14108036965138768, 0.01444750798372943,
       0.98989272086023949 ]
rectification_right: !!opencv-matrix
   rows: 3
   cols: 3
   dt: d
   data: [ 0.97942503354219979, -0.064601671926589915,
       -0.19118898413650839, 0.06712715901594965, 0.99772155957110464,
       0.0067553008408097756, 0.19031696769680898, -0.019450284092827053,
       0.98152999865281765 ]
projection_left: !!opencv-matrix
   rows: 3
   cols: 4
   dt: d
   data: [ 1025.4898035428912, 0., 778.74199676513672, 0., 0.,
       1025.4898035428912, 578.03053283691406, 0., 0., 0., 1., 0. ]
projection_right: !!opencv-matrix
   rows: 3
   cols: 4
   dt: d
   data: [ 1025.4898035428912, 0., 778.74199676513672,
       -209.1678904643565, 0., 1025.4898035428912, 578.03053283691406,
       0., 0., 0., 1., 0. ]
disparity_to_depth: !!opencv-matrix
   rows: 4
   cols: 4
   dt: d
   data: [ 1., 0., 0., -778.74199676513672, 0., 1., 0.,
       -578.03053283691406, 0., 0., 0., 1025.4898035428912, 0., 0.,
       4.9027114117099195, 0. ]
valid_pairs:
   -
      left_path: "resources/stereo_calibration_capture_20260319_192639/stereo_left/000001.bmp"
      right_path: "resources/stereo_calibration_capture_20260319_192639/stereo_right/000001.bmp"
   -
      left_path: "resources/stereo_calibration_capture_20260319_192639/stereo_left/000002.bmp"
      right_path: "resources/stereo_calibration_capture_20260319_192639/stereo_right/000002.bmp"
   -
      left_path: "resources/stereo_calibration_capture_20260319_192639/stereo_left/000003.bmp"
      right_path: "resources/stereo_calibration_capture_20260319_192639/stereo_right/000003.bmp"
   -
      left_path: "resources/stereo_calibration_capture_20260319_192639/stereo_left/000004.bmp"
      right_path: "resources/stereo_calibration_capture_20260319_192639/stereo_right/000004.bmp"
   -
      left_path: "resources/stereo_calibration_capture_20260319_192639/stereo_left/000005.bmp"
      right_path: "resources/stereo_calibration_capture_20260319_192639/stereo_right/000005.bmp"
   -
      left_path: "resources/stereo_calibration_capture_20260319_192639/stereo_left/000006.bmp"
      right_path: "resources/stereo_calibration_capture_20260319_192639/stereo_right/000006.bmp"
   -
      left_path: "resources/stereo_calibration_capture_20260319_192639/stereo_left/000007.bmp"
      right_path: "resources/stereo_calibration_capture_20260319_192639/stereo_right/000007.bmp"
   -
      left_path: "resources/stereo_calibration_capture_20260319_192639/stereo_left/000008.bmp"
      right_path: "resources/stereo_calibration_capture_20260319_192639/stereo_right/000008.bmp"
   -
      left_path: "resources/stereo_calibration_capture_20260319_192639/stereo_left/000009.bmp"
      right_path: "resources/stereo_calibration_capture_20260319_192639/stereo_right/000009.bmp"
   -
      left_path: "resources/stereo_calibration_capture_20260319_192639/stereo_left/000010.bmp"
      right_path: "resources/stereo_calibration_capture_20260319_192639/stereo_right/000010.bmp"
   -
      left_path: "resources/stereo_calibration_capture_20260319_192639/stereo_left/000011.bmp"
      right_path: "resources/stereo_calibration_capture_20260319_192639/stereo_right/000011.bmp"
   -
      left_path: "resources/stereo_calibration_capture_20260319_192639/stereo_left/000012.bmp"
      right_path: "resources/stereo_calibration_capture_20260319_192639/stereo_right/000012.bmp"
   -
      left_path: "resources/stereo_calibration_capture_20260319_192639/stereo_left/000013.bmp"
      right_path: "resources/stereo_calibration_capture_20260319_192639/stereo_right/000013.bmp"
   -
      left_path: "resources/stereo_calibration_capture_20260319_192639/stereo_left/000014.bmp"
      right_path: "resources/stereo_calibration_capture_20260319_192639/stereo_right/000014.bmp"
   -
      left_path: "resources/stereo_calibration_capture_20260319_192639/stereo_left/000015.bmp"
      right_path: "resources/stereo_calibration_capture_20260319_192639/stereo_right/000015.bmp"
   -
      left_path: "resources/stereo_calibration_capture_20260319_192639/stereo_left/000016.bmp"
      right_path: "resources/stereo_calibration_capture_20260319_192639/stereo_right/000016.bmp"
   -
      left_path: "resources/stereo_calibration_capture_20260319_192639/stereo_left/000017.bmp"
      right_path: "resources/stereo_calibration_capture_20260319_192639/stereo_right/000017.bmp"
   -
      left_path: "resources/stereo_calibration_capture_20260319_192639/stereo_left/000018.bmp"
      right_path: "resources/stereo_calibration_capture_20260319_192639/stereo_right/000018.bmp"
   -
      left_path: "resources/stereo_calibration_capture_20260319_192639/stereo_left/000019.bmp"
      right_path: "resources/stereo_calibration_capture_20260319_192639/stereo_right/000019.bmp"
   -
      left_path: "resources/stereo_calibration_capture_20260319_192639/stereo_left/000020.bmp"
      right_path: "resources/stereo_calibration_capture_20260319_192639/stereo_right/000020.bmp"
   -
      left_path: "resources/stereo_calibration_capture_20260319_192639/stereo_left/000021.bmp"
      right_path: "resources/stereo_calibration_capture_20260319_192639/stereo_right/000021.bmp"
   -
      left_path: "resources/stereo_calibration_capture_20260319_192639/stereo_left/000022.bmp"
      right_path: "resources/stereo_calibration_capture_20260319_192639/stereo_right/000022.bmp"
   -
      left_path: "resources/stereo_calibration_capture_20260319_192639/stereo_left/000023.bmp"
      right_path: "resources/stereo_calibration_capture_20260319_192639/stereo_right/000023.bmp"
   -
